500
0.890155 0.130707
0.0397595 0.826436
0.532078 0.95631
0.461926 0.923738
0.373921 0.154973
0.892344 0.0267897
0.291502 0.398744
0.807289 0.627094
0.907925 0.556397
0.839919 0.050488
0.806235 0.930816
0.36403 0.690948
0.129315 0.832686
0.318354 0.737202
0.59677 0.363707
0.794971 0.698481
0.821879 0.899466
0.831899 0.909958
0.974914 0.65612
0.81199 0.102744
0.237528 0.379345
0.699236 0.484945
0.415222 0.638662
0.75929 0.557523
0.693455 0.913259
0.0246128 0.837378
0.383205 0.298771
0.00629709 0.437557
0.737937 0.37576
0.493249 0.0140397
0.249437 0.347135
0.796687 0.938399
0.100522 0.735403
0.976437 0.705886
0.951765 0.927848
0.410031 0.338095
0.769108 0.334648
0.0826867 0.898558
0.787335 0.717466
0.44399 0.750892
0.657898 0.360697
0.378323 0.649632
0.0556368 0.0782593
0.091903 0.805105
0.0653075 0.224319
0.152133 0.680591
0.125959 0.257358
0.437968 0.109668
0.314566 0.350732
0.761143 0.0988512
0.93146 0.326079
0.426636 0.270681
0.78811 0.453324
0.0832358 0.0703768
0.329749 0.192105
0.837865 0.0616854
0.554235 0.570611
0.46211 0.948829
0.344774 0.884449
0.43104 0.99448
0.800503 0.941634
0.37948 0.405425
0.286888 0.450534
0.765111 0.579899
0.378123 0.622393
0.739173 0.913383
0.532104 0.517821
0.102587 0.12167
0.643697 0.445964
0.076325 0.152569
0.079508 0.879371
0.161474 0.922951
0.00357925 0.802602
0.303533 0.244754
0.768211 0.703482
0.886176 0.913142
0.225311 0.421484
0.165862 0.210835
0.839898 0.91545
0.681591 0.409257
0.222128 0.8353
0.776737 0.737346
0.858702 0.972511
0.409959 0.597014
0.738442 0.26671
0.763133 0.930503
0.874689 0.116163
0.967289 0.302987
0.609016 0.167757
0.858426 0.726392
0.0651175 0.518099
0.595486 0.457922
0.592242 0.319455
0.819832 0.092739
0.17687 0.220712
0.474093 0.917452
0.991536 0.604214
0.920558 0.366636
0.00780191 0.655017
0.168053 0.496458
0.790804 0.817961
0.366763 0.128743
0.197117 0.0208957
0.633544 0.478618
0.212443 0.265478
0.188859 0.88981
0.716143 0.0685731
0.245638 0.920355
0.204905 0.465882
0.763071 0.532366
0.551022 0.235131
0.275979 0.0168461
0.422437 0.046998
0.0591996 0.318984
0.443062 0.168582
0.301328 0.449403
0.473081 0.704221
0.70064 0.59365
0.972935 0.662178
0.877815 0.414335
0.798075 0.137978
0.261126 0.226797
0.532452 0.694716
0.243977 0.195099
0.790142 0.40538
0.435081 0.626384
0.678817 0.431454
0.295178 0.997285
0.197275 0.55796
0.473113 0.0887563
0.31252 0.598679
0.0492283 0.367983
0.128232 0.0259928
0.732116 0.263194
0.71148 0.677435
0.820644 0.791006
0.60576 0.504003
0.430699 0.100841
0.486525 0.400395
0.587171 0.444159
0.233923 0.634212
0.229232 0.251451
0.978571 0.446603
0.0808878 0.119797
0.462778 0.778486
0.398494 0.624482
0.798445 0.49455
0.0373804 0.719206
0.693343 0.315462
0.836576 0.0403984
0.629602 0.0217473
0.741768 0.396966
0.519582 0.464202
0.674115 0.850352
0.31605 0.315825
0.16736 0.684545
0.818232 0.182803
0.0344844 0.509939
0.778295 0.616561
0.940189 0.227961
0.782907 0.411377
0.694296 0.250799
0.507327 0.28096
0.218553 0.923764
0.778202 0.259257
0.227125 0.793405
0.17704 0.294134
0.817168 0.446201
0.849845 0.939583
0.197127 0.925922
0.401161 0.468088
0.224827 0.713604
0.640662 0.913165
0.495443 0.238459
0.680269 0.647976
0.768583 0.617727
0.707096 0.670281
0.483589 0.914009
0.0278438 0.903386
0.445954 0.544546
0.0195228 0.862873
0.634778 0.499785
0.384266 0.00412734
0.735589 0.251676
0.971877 0.0922417
0.465224 0.631999
0.386848 0.157876
0.478695 0.538151
0.951867 0.68423
0.457781 0.462695
0.179278 0.984911
0.998759 0.653754
0.811106 0.325323
0.0616514 0.1393
0.202669 0.0400071
0.704576 0.198129
0.25445 0.851632
0.657353 0.806249
0.315341 0.807473
0.885288 0.685531
0.796839 0.875157
0.317574 0.849344
0.804875 0.571311
0.10624 0.754977
0.707647 0.179767
0.850968 0.824609
0.912168 0.855772
0.214995 0.337685
0.0394356 0.23508
0.124872 0.277436
0.438721 0.859931
0.322921 0.987547
0.965284 0.69526
0.670281 0.0361305
0.785457 0.528854
0.672943 0.426367
0.0399773 0.645358
0.568677 0.704933
0.703743 0.225865
0.984682 0.118108
0.205469 0.953125
0.934582 0.338798
0.9303 0.103831
0.125905 0.44124
0.6232 0.607801
0.170018 0.332881
0.14908 0.958204
0.0646104 0.11706
0.46068 0.372245
0.951992 0.579988
0.134053 0.0576401
0.655178 0.710673
0.404738 0.660253
0.844643 0.988377
0.955128 0.733666
0.29417 0.705126
0.500725 0.335292
0.52363 0.896222
0.937011 0.445876
0.726144 0.806963
0.195996 0.546284
0.149057 0.187346
0.383298 0.0571223
0.678286 0.887648
0.343891 0.257402
0.119579 0.401862
0.336777 0.0814354
0.630126 0.562718
0.0759654 0.0747868
0.892911 0.0109502
0.631757 0.350129
0.133838 0.676415
0.861297 0.588796
0.906852 0.0297199
0.794457 0.142143
0.99676 0.9544
0.253333 0.27466
0.87422 0.420357
0.981498 0.554288
0.261551 0.350232
0.657008 0.336931
0.238925 0.851247
0.534037 0.0859432
0.435054 0.139924
0.64353 0.696349
0.566853 0.488805
0.189909 0.587755
0.543701 0.428269
0.359878 0.652795
0.0882716 0.0902144
0.304418 0.371854
0.523758 0.922467
0.710159 0.333745
0.502793 0.25897
0.710143 0.0422102
0.472111 0.349079
0.64052 0.878982
0.635836 0.249289
0.242231 0.343082
0.908032 0.248045
0.986324 0.186071
0.896726 0.210971
0.571371 0.448251
0.88969 0.165184
0.573735 0.0622852
0.6687 0.544732
0.829198 0.346486
0.843387 0.477658
0.844827 0.298567
0.0358604 0.694099
0.571335 0.291877
0.152362 0.7738
0.0415546 0.532505
0.466862 0.68676
0.641909 0.901828
0.893038 0.411323
0.106037 0.315983
0.871111 0.248252
0.832518 0.477746
0.094758 0.832608
0.0341972 0.111295
0.658207 0.882754
0.403201 0.988488
0.453217 0.403493
0.708297 0.565892
0.251863 0.243002
0.800001 0.951258
0.555229 0.160034
0.71059 0.220607
0.0963921 0.0654797
0.231903 0.0259253
0.835026 0.730901
0.771375 0.75692
0.569857 0.437616
0.712875 0.764539
0.185944 0.553738
0.488446 0.88455
0.650887 0.878081
0.00365684 0.803059
0.901087 0.062486
0.177579 0.262349
0.0242908 0.448432
0.602839 0.0359353
0.329577 0.569521
0.796425 0.662437
0.467973 0.320637
0.104036 0.676194
0.580458 0.461493
0.325605 0.46132
0.301239 0.311192
0.43911 0.168012
0.537174 0.764511
0.371814 0.263563
0.867731 0.519615
0.576236 0.441258
0.0553479 0.266721
0.483951 0.888019
0.00321221 0.718008
0.340561 0.664079
0.161413 0.5667
0.356125 0.138056
0.844489 0.302291
0.666183 0.263589
0.286091 0.902291
0.408184 0.199938
0.70097 0.192402
0.406665 0.441678
0.492321 0.651121
0.639731 0.410284
0.063944 0.953715
0.256947 0.478517
0.167937 0.840649
0.806094 0.0609601
0.238371 0.732306
0.15592 0.87659
0.319057 0.335819
0.581399 0.0339628
0.427592 0.425145
0.39328 0.946186
0.401386 0.838706
0.563286 0.651576
0.639249 0.309848
0.644618 0.932568
0.0288264 0.153727
0.170773 0.650065
0.105179 0.682567
0.100996 0.35014
0.0126468 0.5141
0.175745 0.126556
0.655472 0.321055
0.944941 0.858867
0.166115 0.499553
0.170381 0.515829
0.412466 0.440987
0.865769 0.495719
0.162296 0.056785
0.316546 0.82646
0.00984373 0.254855
0.67172 0.34479
0.718064 0.467857
0.313609 0.369844
0.976853 0.59156
0.0889153 0.794259
0.577762 0.655184
0.0622828 0.201914
0.155932 0.762713
0.268086 0.974019
0.711337 0.916254
0.261433 0.799855
0.266067 0.800962
0.161201 0.125369
0.809287 0.987726
0.377204 0.424101
0.772806 0.642617
0.392203 0.253406
0.129101 0.581464
0.115053 0.874827
0.167331 0.0728087
0.254625 0.494047
0.050153 0.154884
0.983572 0.221043
0.626474 0.927399
0.0107223 0.630279
0.0821886 0.493634
0.914348 0.939962
0.964711 0.222417
0.681186 0.586257
0.244494 0.734671
0.462782 0.24293
0.299444 0.875424
0.853587 0.835014
0.273649 0.162805
0.832459 0.0356688
0.415626 0.159541
0.839919 0.72886
0.701379 0.173249
0.683302 0.225769
0.172495 0.965495
0.179732 0.0631578
0.444681 0.248387
0.944132 0.7912
0.352362 0.760889
0.467279 0.185156
0.434971 0.401668
0.312486 0.663424
0.927119 0.871477
0.913216 0.668829
0.931308 0.031589
0.905368 0.468666
0.690293 0.148984
0.449894 0.201137
0.291683 0.971023
0.172521 0.868569
0.00959522 0.407145
0.943692 0.10036
0.836911 0.624943
0.288276 0.423147
0.521949 0.999863
0.00758283 0.723596
0.0945108 0.219974
0.109257 0.62287
0.514339 0.738814
0.887683 0.318486
0.375863 0.745203
0.987849 0.764699
0.57359 0.108373
0.638678 0.3852
0.629092 0.494084
0.135602 0.442006
0.861691 0.699833
0.710556 0.178299
0.528212 0.80631
0.558386 0.717095
0.323527 0.93155
0.364065 0.241502
0.880616 0.18342
0.473796 0.607629
0.882714 0.138736
0.497217 0.755809
0.668076 0.205998
0.889996 0.219937
0.523648 0.115828
0.183805 0.412392
0.503255 0.266225
0.0569915 0.992805
0.459471 0.491663
0.529402 0.651962
0.138177 0.922276
0.811652 0.125561
0.150298 0.931756
0.0539853 0.174949
0.529699 0.955712
0.00685746 0.0993489
0.701006 0.287794
0.796174 0.992764
0.739502 0.84902
0.901592 0.695197
0.794129 0.682287
0.625167 0.128804
0.933242 0.51076
0.148042 0.498308
0.654938 0.832986
0.165161 0.911282
0.229367 0.834463
0.468229 0.381444
0.87665 0.397759
0.760147 0.55614
0.16041 0.0729246
0.523673 0.345136
0.77934 0.900931
0.108778 0.295003
0.109091 0.263385
0.305236 0.777088
0.563401 0.891847
0.304741 0.778583
0.124197 0.117756
0.210971 0.490237
0.785141 0.817779
0.673678 0.334419
0.7756 0.785699
