100
0.890155 0.130707
0.0397595 0.826436
0.532078 0.95631
0.461926 0.923738
0.373921 0.154973
0.892344 0.0267897
0.291502 0.398744
0.807289 0.627094
0.907925 0.556397
0.839919 0.050488
0.806235 0.930816
0.36403 0.690948
0.129315 0.832686
0.318354 0.737202
0.59677 0.363707
0.794971 0.698481
0.821879 0.899466
0.831899 0.909958
0.974914 0.65612
0.81199 0.102744
0.237528 0.379345
0.699236 0.484945
0.415222 0.638662
0.75929 0.557523
0.693455 0.913259
0.0246128 0.837378
0.383205 0.298771
0.00629709 0.437557
0.737937 0.37576
0.493249 0.0140397
0.249437 0.347135
0.796687 0.938399
0.100522 0.735403
0.976437 0.705886
0.951765 0.927848
0.410031 0.338095
0.769108 0.334648
0.0826867 0.898558
0.787335 0.717466
0.44399 0.750892
0.657898 0.360697
0.378323 0.649632
0.0556368 0.0782593
0.091903 0.805105
0.0653075 0.224319
0.152133 0.680591
0.125959 0.257358
0.437968 0.109668
0.314566 0.350732
0.761143 0.0988512
0.93146 0.326079
0.426636 0.270681
0.78811 0.453324
0.0832358 0.0703768
0.329749 0.192105
0.837865 0.0616854
0.554235 0.570611
0.46211 0.948829
0.344774 0.884449
0.43104 0.99448
0.800503 0.941634
0.37948 0.405425
0.286888 0.450534
0.765111 0.579899
0.378123 0.622393
0.739173 0.913383
0.532104 0.517821
0.102587 0.12167
0.643697 0.445964
0.076325 0.152569
0.079508 0.879371
0.161474 0.922951
0.00357925 0.802602
0.303533 0.244754
0.768211 0.703482
0.886176 0.913142
0.225311 0.421484
0.165862 0.210835
0.839898 0.91545
0.681591 0.409257
0.222128 0.8353
0.776737 0.737346
0.858702 0.972511
0.409959 0.597014
0.738442 0.26671
0.763133 0.930503
0.874689 0.116163
0.967289 0.302987
0.609016 0.167757
0.858426 0.726392
0.0651175 0.518099
0.595486 0.457922
0.592242 0.319455
0.819832 0.092739
0.17687 0.220712
0.474093 0.917452
0.991536 0.604214
0.920558 0.366636
0.00780191 0.655017
0.168053 0.496458
